{
    "id": "sample_000",
    "frames": [
        {
            "w": 512,
            "h": 512,
            "fx": 548.9937744140625,
            "fy": 548.9937744140625,
            "cx": 256.0,
            "cy": 256.0,
            "w2c": [
                [
                    -4.37113906561655e-08,
                    0.9999999999999981,
                    -3.784528385255637e-16,
                    1.1090323688747977e-07
                ],
                [
                    0.34202015428106586,
                    1.495017576566968e-08,
                    -0.9396926172367759,
                    -4.7896788917064765e-08
                ],
                [
                    -0.9396926172367741,
                    -4.1075268862217636e-08,
                    -0.34202015428106647,
                    2.7000000967408777
                ],
                [
                    0.0,
                    0.0,
                    0.0,
                    1.0
                ]
            ],
            "file_path": "images/cam_000.png",
            "blender_camera_name": "lrm_cam.000",
            "blender_camera_location": [
                2.5371700761219524,
                0.0,
                0.9234543869793057
            ]
        },
        {
            "w": 512,
            "h": 512,
            "fx": 548.9937744140625,
            "fy": 548.9937744140625,
            "cx": 256.0,
            "cy": 256.0,
            "w2c": [
                [
                    -0.1950903302778957,
                    0.9807853081670476,
                    -1.0666189392712384e-07,
                    1.0555729263335973e-07
                ],
                [
                    0.335448344814477,
                    0.06672472393008298,
                    -0.9396926190423579,
                    8.450482879794224e-09
                ],
                [
                    -0.9216366584091217,
                    -0.18332497422920124,
                    -0.34202014932023755,
                    2.6999999419279934
                ],
                [
                    0.0,
                    0.0,
                    0.0,
                    1.0
                ]
            ],
            "file_path": "images/cam_001.png",
            "blender_camera_name": "lrm_cam.001",
            "blender_camera_location": [
                2.4884190645399547,
                0.4949773271603164,
                0.9234543869793057
            ]
        },
        {
            "w": 512,
            "h": 512,
            "fx": 548.9937744140625,
            "fy": 548.9937744140625,
            "cx": 256.0,
            "cy": 256.0,
            "w2c": [
                [
                    -0.38268351216982704,
                    0.9238794933067731,
                    9.595192575424262e-08,
                    1.0542483489454198e-07
                ],
                [
                    0.31598525762790547,
                    0.13088550097711243,
                    -0.9396926486541181,
                    3.613517966536471e-07
                ],
                [
                    -0.8681627850189584,
                    -0.3596048565862987,
                    -0.3420200234094359,
                    2.6999999134101174
                ],
                [
                    0.0,
                    0.0,
                    0.0,
                    1.0
                ]
            ],
            "file_path": "images/cam_002.png",
            "blender_camera_name": "lrm_cam.002",
            "blender_camera_location": [
                2.344039503829175,
                0.9709329532243449,
                0.9234543869793057
            ]
        },
        {
            "w": 512,
            "h": 512,
            "fx": 548.9937744140625,
            "fy": 548.9937744140625,
            "cx": 256.0,
            "cy": 256.0,
            "w2c": [
                [
                    -0.5555699717822403,
                    0.8314698161805769,
                    -4.281779949904194e-08,
                    -8.149140835965808e-07
                ],
                [
                    0.28437945401174686,
                    0.19001609976460743,
                    -0.9396926129095665,
                    -3.8067512506526805e-08
                ],
                [
                    -0.7813260407482558,
                    -0.5220650141309301,
                    -0.34202016616997166,
                    2.700000069735251
                ],
                [
                    0.0,
                    0.0,
                    0.0,
                    1.0
                ]
            ],
            "file_path": "images/cam_003.png",
            "blender_camera_name": "lrm_cam.003",
            "blender_camera_location": [
                2.109579819538739,
                1.409576170401435,
                0.9234543869793057
            ]
        },
        {
            "w": 512,
            "h": 512,
            "fx": 548.9937744140625,
            "fy": 548.9937744140625,
            "cx": 256.0,
            "cy": 256.0,
            "w2c": [
                [
                    -0.707106803481155,
                    0.707106783095172,
                    3.96050842867455e-08,
                    -1.2430780275579334e-14
                ],
                [
                    0.24184465352488088,
                    0.24184471743415722,
                    -0.9396926457669942,
                    2.9125224095397683e-07
                ],
                [
                    -0.6644630739491721,
                    -0.6644630506881062,
                    -0.34202003134176545,
                    2.700000106007109
                ],
                [
                    0.0,
                    0.0,
                    0.0,
                    1.0
                ]
            ],
            "file_path": "images/cam_004.png",
            "blender_camera_name": "lrm_cam.004",
            "blender_camera_location": [
                1.794050165849422,
                1.7940501658494217,
                0.9234543869793057
            ]
        },
        {
            "w": 512,
            "h": 512,
            "fx": 548.9937744140625,
            "fy": 548.9937744140625,
            "cx": 256.0,
            "cy": 256.0,
            "w2c": [
                [
                    -0.8314696448905533,
                    0.5555701681267746,
                    1.060694057770752e-07,
                    1.0085330898783663e-07
                ],
                [
                    0.19001611152165104,
                    0.28437943559059337,
                    -0.9396926221128706,
                    -7.280235776725672e-09
                ],
                [
                    -0.5220652286748052,
                    -0.7813258683665528,
                    -0.34202014088407207,
                    2.699999985147852
                ],
                [
                    0.0,
                    0.0,
                    0.0,
                    1.0
                ]
            ],
            "file_path": "images/cam_005.png",
            "blender_camera_name": "lrm_cam.005",
            "blender_camera_location": [
                1.409576170401435,
                2.109579819538739,
                0.9234543869793057
            ]
        },
        {
            "w": 512,
            "h": 512,
            "fx": 548.9937744140625,
            "fy": 548.9937744140625,
            "cx": 256.0,
            "cy": 256.0,
            "w2c": [
                [
                    -0.9238795133150804,
                    0.38268349366784976,
                    -4.1762770039627716e-08,
                    -9.266995958263123e-08
                ],
                [
                    0.1308855039789068,
                    0.3159854009580642,
                    -0.939692621633461,
                    -2.4866342462787165e-09
                ],
                [
                    -0.3596048393152553,
                    -0.8681627703594721,
                    -0.34202014220126886,
                    2.699999971977519
                ],
                [
                    0.0,
                    0.0,
                    0.0,
                    1.0
                ]
            ],
            "file_path": "images/cam_006.png",
            "blender_camera_name": "lrm_cam.006",
            "blender_camera_location": [
                0.970932953224345,
                2.344039503829175,
                0.9234543869793057
            ]
        },
        {
            "w": 512,
            "h": 512,
            "fx": 548.9937744140625,
            "fy": 548.9937744140625,
            "cx": 256.0,
            "cy": 256.0,
            "w2c": [
                [
                    -0.9807852559685907,
                    0.19509030794569268,
                    1.0668660278561529e-08,
                    1.2822908900806509e-08
                ],
                [
                    0.06672480229675173,
                    0.3354483336634565,
                    -0.9396926222776847,
                    3.9684741791155286e-10
                ],
                [
                    -0.18332492095694225,
                    -0.9216366811964084,
                    -0.34202014043128365,
                    2.6999999640552077
                ],
                [
                    0.0,
                    0.0,
                    0.0,
                    1.0
                ]
            ],
            "file_path": "images/cam_007.png",
            "blender_camera_name": "lrm_cam.007",
            "blender_camera_location": [
                0.49497732716031656,
                2.488419064539955,
                0.9234543869793057
            ]
        },
        {
            "w": 512,
            "h": 512,
            "fx": 548.9937744140625,
            "fy": 548.9937744140625,
            "cx": 256.0,
            "cy": 256.0,
            "w2c": [
                [
                    -0.9999999999999857,
                    8.742278241544275e-08,
                    8.21505390031404e-08,
                    -2.9766875274275744e-07
                ],
                [
                    -4.729592811267985e-08,
                    0.34201993332868613,
                    -0.9396927248294276,
                    6.120539063150129e-07
                ],
                [
                    -1.102476677241455e-07,
                    -0.9396927248294218,
                    -0.342019933328673,
                    2.700000165682273
                ],
                [
                    0.0,
                    0.0,
                    0.0,
                    1.0
                ]
            ],
            "file_path": "images/cam_008.png",
            "blender_camera_name": "lrm_cam.008",
            "blender_camera_location": [
                1.5535686063075977e-16,
                2.5371700761219524,
                0.9234543869793057
            ]
        },
        {
            "w": 512,
            "h": 512,
            "fx": 548.9937744140625,
            "fy": 548.9937744140625,
            "cx": 256.0,
            "cy": 256.0,
            "w2c": [
                [
                    -0.9807852559685907,
                    -0.19509030794569268,
                    -1.0668660278561529e-08,
                    -1.2822908900806509e-08
                ],
                [
                    -0.06672480229675173,
                    0.3354483336634565,
                    -0.9396926222776847,
                    3.9684741791155286e-10
                ],
                [
                    0.18332492095694225,
                    -0.9216366811964084,
                    -0.34202014043128365,
                    2.6999999640552077
                ],
                [
                    0.0,
                    0.0,
                    0.0,
                    1.0
                ]
            ],
            "file_path": "images/cam_009.png",
            "blender_camera_name": "lrm_cam.009",
            "blender_camera_location": [
                -0.4949773271603162,
                2.488419064539955,
                0.9234543869793057
            ]
        },
        {
            "w": 512,
            "h": 512,
            "fx": 548.9937744140625,
            "fy": 548.9937744140625,
            "cx": 256.0,
            "cy": 256.0,
            "w2c": [
                [
                    -0.9238795133150804,
                    -0.38268349366784976,
                    4.1762770039627716e-08,
                    9.266995958263123e-08
                ],
                [
                    -0.1308855039789068,
                    0.3159854009580642,
                    -0.939692621633461,
                    -2.4866342462787165e-09
                ],
                [
                    0.3596048393152553,
                    -0.8681627703594721,
                    -0.34202014220126886,
                    2.699999971977519
                ],
                [
                    0.0,
                    0.0,
                    0.0,
                    1.0
                ]
            ],
            "file_path": "images/cam_010.png",
            "blender_camera_name": "lrm_cam.010",
            "blender_camera_location": [
                -0.9709329532243447,
                2.3440395038291753,
                0.9234543869793057
            ]
        },
        {
            "w": 512,
            "h": 512,
            "fx": 548.9937744140625,
            "fy": 548.9937744140625,
            "cx": 256.0,
            "cy": 256.0,
            "w2c": [
                [
                    -0.8314696448905533,
                    -0.5555701681267746,
                    -1.060694057770752e-07,
                    -1.0085330898783663e-07
                ],
                [
                    -0.19001611152165104,
                    0.28437943559059337,
                    -0.9396926221128706,
                    -7.280235776725672e-09
                ],
                [
                    0.5220652286748052,
                    -0.7813258683665528,
                    -0.34202014088407207,
                    2.699999985147852
                ],
                [
                    0.0,
                    0.0,
                    0.0,
                    1.0
                ]
            ],
            "file_path": "images/cam_011.png",
            "blender_camera_name": "lrm_cam.011",
            "blender_camera_location": [
                -1.409576170401434,
                2.1095798195387396,
                0.9234543869793057
            ]
        },
        {
            "w": 512,
            "h": 512,
            "fx": 548.9937744140625,
            "fy": 548.9937744140625,
            "cx": 256.0,
            "cy": 256.0,
            "w2c": [
                [
                    -0.707106803481155,
                    -0.707106783095172,
                    -3.96050842867455e-08,
                    1.2430780275579334e-14
                ],
                [
                    -0.24184465352488088,
                    0.24184471743415722,
                    -0.9396926457669942,
                    2.9125224095397683e-07
                ],
                [
                    0.6644630739491721,
                    -0.6644630506881062,
                    -0.34202003134176545,
                    2.700000106007109
                ],
                [
                    0.0,
                    0.0,
                    0.0,
                    1.0
                ]
            ],
            "file_path": "images/cam_012.png",
            "blender_camera_name": "lrm_cam.012",
            "blender_camera_location": [
                -1.7940501658494215,
                1.794050165849422,
                0.9234543869793057
            ]
        },
        {
            "w": 512,
            "h": 512,
            "fx": 548.9937744140625,
            "fy": 548.9937744140625,
            "cx": 256.0,
            "cy": 256.0,
            "w2c": [
                [
                    -0.5555699717822403,
                    -0.8314698161805769,
                    4.281779949904194e-08,
                    8.149140835965808e-07
                ],
                [
                    -0.28437945401174686,
                    0.19001609976460743,
                    -0.9396926129095665,
                    -3.8067512506526805e-08
                ],
                [
                    0.7813260407482558,
                    -0.5220650141309301,
                    -0.34202016616997166,
                    2.700000069735251
                ],
                [
                    0.0,
                    0.0,
                    0.0,
                    1.0
                ]
            ],
            "file_path": "images/cam_013.png",
            "blender_camera_name": "lrm_cam.013",
            "blender_camera_location": [
                -2.109579819538739,
                1.4095761704014347,
                0.9234543869793057
            ]
        },
        {
            "w": 512,
            "h": 512,
            "fx": 548.9937744140625,
            "fy": 548.9937744140625,
            "cx": 256.0,
            "cy": 256.0,
            "w2c": [
                [
                    -0.38268351216982704,
                    -0.9238794933067731,
                    -9.595192575424262e-08,
                    -1.0542483489454198e-07
                ],
                [
                    -0.31598525762790547,
                    0.13088550097711243,
                    -0.9396926486541181,
                    3.613517966536471e-07
                ],
                [
                    0.8681627850189584,
                    -0.3596048565862987,
                    -0.3420200234094359,
                    2.6999999134101174
                ],
                [
                    0.0,
                    0.0,
                    0.0,
                    1.0
                ]
            ],
            "file_path": "images/cam_014.png",
            "blender_camera_name": "lrm_cam.014",
            "blender_camera_location": [
                -2.344039503829175,
                0.9709329532243451,
                0.9234543869793057
            ]
        },
        {
            "w": 512,
            "h": 512,
            "fx": 548.9937744140625,
            "fy": 548.9937744140625,
            "cx": 256.0,
            "cy": 256.0,
            "w2c": [
                [
                    -0.1950903302778957,
                    -0.9807853081670476,
                    1.0666189392712384e-07,
                    -1.0555729263335973e-07
                ],
                [
                    -0.335448344814477,
                    0.06672472393008298,
                    -0.9396926190423579,
                    8.450482879794224e-09
                ],
                [
                    0.9216366584091217,
                    -0.18332497422920124,
                    -0.34202014932023755,
                    2.6999999419279934
                ],
                [
                    0.0,
                    0.0,
                    0.0,
                    1.0
                ]
            ],
            "file_path": "images/cam_015.png",
            "blender_camera_name": "lrm_cam.015",
            "blender_camera_location": [
                -2.4884190645399547,
                0.4949773271603172,
                0.9234543869793057
            ]
        },
        {
            "w": 512,
            "h": 512,
            "fx": 548.9937744140625,
            "fy": 548.9937744140625,
            "cx": 256.0,
            "cy": 256.0,
            "w2c": [
                [
                    -4.3711390778982425e-08,
                    -0.9999999999999969,
                    3.452467500572684e-08,
                    -1.427851997153591e-07
                ],
                [
                    -0.3420200246483248,
                    -1.7492412874166593e-08,
                    -0.9396926482032081,
                    3.095996230487817e-07
                ],
                [
                    0.9396926482032064,
                    -5.288340029901453e-08,
                    -0.3420200246483222,
                    2.7000000555980574
                ],
                [
                    0.0,
                    0.0,
                    0.0,
                    1.0
                ]
            ],
            "file_path": "images/cam_016.png",
            "blender_camera_name": "lrm_cam.016",
            "blender_camera_location": [
                -2.5371700761219524,
                3.1071372126151953e-16,
                0.9234543869793057
            ]
        },
        {
            "w": 512,
            "h": 512,
            "fx": 548.9937744140625,
            "fy": 548.9937744140625,
            "cx": 256.0,
            "cy": 256.0,
            "w2c": [
                [
                    0.19509011837093257,
                    -0.9807853292456159,
                    1.9978891898090904e-08,
                    -5.491364373479489e-07
                ],
                [
                    -0.3354481136830503,
                    -0.06672472801208523,
                    -0.9396927267661985,
                    6.810598861863702e-07
                ],
                [
                    0.9216367959632691,
                    0.18332476460690655,
                    -0.34201992800745334,
                    2.699999976089807
                ],
                [
                    0.0,
                    0.0,
                    0.0,
                    1.0
                ]
            ],
            "file_path": "images/cam_017.png",
            "blender_camera_name": "lrm_cam.017",
            "blender_camera_location": [
                -2.4884190645399547,
                -0.49497732716031667,
                0.9234543869793057
            ]
        },
        {
            "w": 512,
            "h": 512,
            "fx": 548.9937744140625,
            "fy": 548.9937744140625,
            "cx": 256.0,
            "cy": 256.0,
            "w2c": [
                [
                    0.3826834408345014,
                    -0.9238795598884252,
                    -6.081068379583428e-08,
                    1.8328819378660266e-08
                ],
                [
                    -0.31598544666971795,
                    -0.13088539856832876,
                    -0.9396926154300623,
                    -1.301850434403771e-08
                ],
                [
                    0.8681627815897923,
                    0.35960482579493425,
                    -0.3420201592449603,
                    2.7000000009135787
                ],
                [
                    0.0,
                    0.0,
                    0.0,
                    1.0
                ]
            ],
            "file_path": "images/cam_018.png",
            "blender_camera_name": "lrm_cam.018",
            "blender_camera_location": [
                -2.3440395038291753,
                -0.9709329532243446,
                0.9234543869793057
            ]
        },
        {
            "w": 512,
            "h": 512,
            "fx": 548.9937744140625,
            "fy": 548.9937744140625,
            "cx": 256.0,
            "cy": 256.0,
            "w2c": [
                [
                    0.5555702845762001,
                    -0.8314695470330876,
                    6.760139051960282e-08,
                    1.2236653796351053e-07
                ],
                [
                    -0.2843793240434046,
                    -0.1900162879297495,
                    -0.939692620116944,
                    -2.2466340122649964e-08
                ],
                [
                    0.7813258443920031,
                    0.522065290562674,
                    -0.3420201463678579,
                    2.7000000268713187
                ],
                [
                    0.0,
                    0.0,
                    0.0,
                    1.0
                ]
            ],
            "file_path": "images/cam_019.png",
            "blender_camera_name": "lrm_cam.019",
            "blender_camera_location": [
                -2.1095798195387396,
                -1.409576170401434,
                0.9234543869793057
            ]
        },
        {
            "w": 512,
            "h": 512,
            "fx": 548.9937744140625,
            "fy": 548.9937744140625,
            "cx": 256.0,
            "cy": 256.0,
            "w2c": [
                [
                    0.7071067703539279,
                    -0.7071068162223896,
                    -8.911143929190656e-08,
                    2.771682881117201e-14
                ],
                [
                    -0.24184474857327398,
                    -0.2418446206426572,
                    -0.9396926423805549,
                    2.912522400650878e-07
                ],
                [
                    0.6644630366426092,
                    0.6644630832055307,
                    -0.34202004064591485,
                    2.7000001060071117
                ],
                [
                    0.0,
                    0.0,
                    0.0,
                    1.0
                ]
            ],
            "file_path": "images/cam_020.png",
            "blender_camera_name": "lrm_cam.020",
            "blender_camera_location": [
                -1.794050165849422,
                -1.7940501658494215,
                0.9234543869793057
            ]
        },
        {
            "w": 512,
            "h": 512,
            "fx": 548.9937744140625,
            "fy": 548.9937744140625,
            "cx": 256.0,
            "cy": 256.0,
            "w2c": [
                [
                    0.8314695549091503,
                    -0.5555702727888477,
                    -2.8651682723411535e-08,
                    -1.2236654608849103e-07
                ],
                [
                    -0.19001631564175042,
                    -0.28437943889246836,
                    -0.9396925972584232,
                    -3.2492058311511916e-07
                ],
                [
                    0.5220652570853175,
                    0.7813257675832465,
                    -0.3420202537242179,
                    2.6999999167869357
                ],
                [
                    0.0,
                    0.0,
                    0.0,
                    1.0
                ]
            ],
            "file_path": "images/cam_021.png",
            "blender_camera_name": "lrm_cam.021",
            "blender_camera_location": [
                -1.4095761704014347,
                -2.109579819538739,
                0.9234543869793057
            ]
        },
        {
            "w": 512,
            "h": 512,
            "fx": 548.9937744140625,
            "fy": 548.9937744140625,
            "cx": 256.0,
            "cy": 256.0,
            "w2c": [
                [
                    0.923879518416167,
                    -0.38268339705905535,
                    -1.8871388884745576e-08,
                    1.1759853109818893e-07
                ],
                [
                    -0.13088544463901142,
                    -0.3159854129956459,
                    -0.9396926220559055,
                    2.7301968220045556e-08
                ],
                [
                    0.3596047705497223,
                    0.8681627643847467,
                    -0.34202014104061684,
                    2.6999998901339954
                ],
                [
                    0.0,
                    0.0,
                    0.0,
                    1.0
                ]
            ],
            "file_path": "images/cam_022.png",
            "blender_camera_name": "lrm_cam.022",
            "blender_camera_location": [
                -0.9709329532243463,
                -2.3440395038291744,
                0.9234543869793057
            ]
        },
        {
            "w": 512,
            "h": 512,
            "fx": 548.9937744140625,
            "fy": 548.9937744140625,
            "cx": 256.0,
            "cy": 256.0,
            "w2c": [
                [
                    0.9807852881682024,
                    -0.19509038611543597,
                    -1.1791289122282486e-08,
                    -1.4501735307039044e-07
                ],
                [
                    -0.06672482845268164,
                    -0.3354482112164176,
                    -0.9396926454943033,
                    3.135892890163572e-07
                ],
                [
                    0.1833249903133897,
                    0.9216367399882778,
                    -0.3420200320909824,
                    2.7000000446365564
                ],
                [
                    0.0,
                    0.0,
                    0.0,
                    1.0
                ]
            ],
            "file_path": "images/cam_023.png",
            "blender_camera_name": "lrm_cam.023",
            "blender_camera_location": [
                -0.49497732716031745,
                -2.4884190645399547,
                0.9234543869793057
            ]
        },
        {
            "w": 512,
            "h": 512,
            "fx": 548.9937744140625,
            "fy": 548.9937744140625,
            "cx": 256.0,
            "cy": 256.0,
            "w2c": [
                [
                    1.0,
                    -1.8369699738178999e-16,
                    -4.8699515457086786e-24,
                    2.3966586552579085e-23
                ],
                [
                    -6.282807983564956e-17,
                    -0.34202015428106647,
                    -0.9396926172367759,
                    -4.789679068927677e-08
                ],
                [
                    1.7261871492374547e-16,
                    0.9396926172367759,
                    -0.34202015428106647,
                    2.7000000967408826
                ],
                [
                    0.0,
                    0.0,
                    0.0,
                    1.0
                ]
            ],
            "file_path": "images/cam_024.png",
            "blender_camera_name": "lrm_cam.024",
            "blender_camera_location": [
                -4.660705818922793e-16,
                -2.5371700761219524,
                0.9234543869793057
            ]
        },
        {
            "w": 512,
            "h": 512,
            "fx": 548.9937744140625,
            "fy": 548.9937744140625,
            "cx": 256.0,
            "cy": 256.0,
            "w2c": [
                [
                    0.9807852881682024,
                    0.19509038611543597,
                    1.1791289122282486e-08,
                    1.4501735307039044e-07
                ],
                [
                    0.06672482845268164,
                    -0.3354482112164176,
                    -0.9396926454943033,
                    3.135892890163572e-07
                ],
                [
                    -0.1833249903133897,
                    0.9216367399882778,
                    -0.3420200320909824,
                    2.7000000446365564
                ],
                [
                    0.0,
                    0.0,
                    0.0,
                    1.0
                ]
            ],
            "file_path": "images/cam_025.png",
            "blender_camera_name": "lrm_cam.025",
            "blender_camera_location": [
                0.49497732716031645,
                -2.488419064539955,
                0.9234543869793057
            ]
        },
        {
            "w": 512,
            "h": 512,
            "fx": 548.9937744140625,
            "fy": 548.9937744140625,
            "cx": 256.0,
            "cy": 256.0,
            "w2c": [
                [
                    0.923879518416167,
                    0.38268339705905535,
                    1.8871388884745576e-08,
                    -1.1759853109818893e-07
                ],
                [
                    0.13088544463901142,
                    -0.3159854129956459,
                    -0.9396926220559055,
                    2.7301968220045556e-08
                ],
                [
                    -0.3596047705497223,
                    0.8681627643847467,
                    -0.34202014104061684,
                    2.6999998901339954
                ],
                [
                    0.0,
                    0.0,
                    0.0,
                    1.0
                ]
            ],
            "file_path": "images/cam_026.png",
            "blender_camera_name": "lrm_cam.026",
            "blender_camera_location": [
                0.9709329532243456,
                -2.344039503829175,
                0.9234543869793057
            ]
        },
        {
            "w": 512,
            "h": 512,
            "fx": 548.9937744140625,
            "fy": 548.9937744140625,
            "cx": 256.0,
            "cy": 256.0,
            "w2c": [
                [
                    0.8314695549091503,
                    0.5555702727888477,
                    2.8651682723411535e-08,
                    1.2236654608849103e-07
                ],
                [
                    0.19001631564175042,
                    -0.28437943889246836,
                    -0.9396925972584232,
                    -3.2492058311511916e-07
                ],
                [
                    -0.5220652570853175,
                    0.7813257675832465,
                    -0.3420202537242179,
                    2.6999999167869357
                ],
                [
                    0.0,
                    0.0,
                    0.0,
                    1.0
                ]
            ],
            "file_path": "images/cam_027.png",
            "blender_camera_name": "lrm_cam.027",
            "blender_camera_location": [
                1.4095761704014338,
                -2.1095798195387396,
                0.9234543869793057
            ]
        },
        {
            "w": 512,
            "h": 512,
            "fx": 548.9937744140625,
            "fy": 548.9937744140625,
            "cx": 256.0,
            "cy": 256.0,
            "w2c": [
                [
                    0.7071067703539279,
                    0.7071068162223896,
                    8.911143929190656e-08,
                    -2.771682881117201e-14
                ],
                [
                    0.24184474857327398,
                    -0.2418446206426572,
                    -0.9396926423805549,
                    2.912522400650878e-07
                ],
                [
                    -0.6644630366426092,
                    0.6644630832055307,
                    -0.34202004064591485,
                    2.7000001060071117
                ],
                [
                    0.0,
                    0.0,
                    0.0,
                    1.0
                ]
            ],
            "file_path": "images/cam_028.png",
            "blender_camera_name": "lrm_cam.028",
            "blender_camera_location": [
                1.794050165849421,
                -1.794050165849422,
                0.9234543869793057
            ]
        },
        {
            "w": 512,
            "h": 512,
            "fx": 548.9937744140625,
            "fy": 548.9937744140625,
            "cx": 256.0,
            "cy": 256.0,
            "w2c": [
                [
                    0.5555702845762001,
                    0.8314695470330876,
                    -6.760139051960282e-08,
                    -1.2236653796351053e-07
                ],
                [
                    0.2843793240434046,
                    -0.1900162879297495,
                    -0.939692620116944,
                    -2.2466340122649964e-08
                ],
                [
                    -0.7813258443920031,
                    0.522065290562674,
                    -0.3420201463678579,
                    2.7000000268713187
                ],
                [
                    0.0,
                    0.0,
                    0.0,
                    1.0
                ]
            ],
            "file_path": "images/cam_029.png",
            "blender_camera_name": "lrm_cam.029",
            "blender_camera_location": [
                2.109579819538739,
                -1.409576170401435,
                0.9234543869793057
            ]
        },
        {
            "w": 512,
            "h": 512,
            "fx": 548.9937744140625,
            "fy": 548.9937744140625,
            "cx": 256.0,
            "cy": 256.0,
            "w2c": [
                [
                    0.3826834408345014,
                    0.9238795598884252,
                    6.081068379583428e-08,
                    -1.8328819378660266e-08
                ],
                [
                    0.31598544666971795,
                    -0.13088539856832876,
                    -0.9396926154300623,
                    -1.301850434403771e-08
                ],
                [
                    -0.8681627815897923,
                    0.35960482579493425,
                    -0.3420201592449603,
                    2.7000000009135787
                ],
                [
                    0.0,
                    0.0,
                    0.0,
                    1.0
                ]
            ],
            "file_path": "images/cam_030.png",
            "blender_camera_name": "lrm_cam.030",
            "blender_camera_location": [
                2.3440395038291744,
                -0.9709329532243465,
                0.9234543869793057
            ]
        },
        {
            "w": 512,
            "h": 512,
            "fx": 548.9937744140625,
            "fy": 548.9937744140625,
            "cx": 256.0,
            "cy": 256.0,
            "w2c": [
                [
                    0.19509011837093257,
                    0.9807853292456159,
                    -1.9978891898090904e-08,
                    5.491364373479489e-07
                ],
                [
                    0.3354481136830503,
                    -0.06672472801208523,
                    -0.9396927267661985,
                    6.810598861863702e-07
                ],
                [
                    -0.9216367959632691,
                    0.18332476460690655,
                    -0.34201992800745334,
                    2.699999976089807
                ],
                [
                    0.0,
                    0.0,
                    0.0,
                    1.0
                ]
            ],
            "file_path": "images/cam_031.png",
            "blender_camera_name": "lrm_cam.031",
            "blender_camera_location": [
                2.4884190645399547,
                -0.4949773271603176,
                0.9234543869793057
            ]
        }
    ]
}